-0.6900425519977096 0.7313789624994939 -0.2514904891622953 -0.4439540260579153 -0.08179149786142118 -0.6850793506645776 0.4850048401279818
0.10726662543466349 0.6635528822427192 0.5184267891574408 0.6004505973944871 -0.6722767581071801 -0.4058861138115167 0.7784929730999653
0.18570663431358989 0.5977419890752448 0.08329977648484074 0.3310646197601251 0.11156783757564329 0.3234723584654042 0.731484993441417
0.08896575524143016 -0.235276847130388 0.2725210401302492 0.3852029976135665 0.27204662538122054 -0.1223816017423697 0.4049129518703059
-0.3250990152894421 -0.1966369631753011 -0.7413725757524096 0.4674841887412666 0.5154576207469136 -0.8168665692234014 0.6236889996886017
0.03760081249697051 0.15581364331116546 -0.10158731368601655 -0.11725539957419262 0.29836163491215406 -0.6430767039459331 -0.5665428011401394
0.4994418283473954 -0.2903035993578358 0.27443265835629627 0.49998948924354797 0.06640742579881732 -0.7692684191131769 -0.16231832434180685
0.6127586607820146 0.0177896428665888 0.31815452599437705 0.6102992591213604 0.12944945395093052 0.29521117656044465 0.4830367639139733
0.029218964271863452 0.7892678502621925 0.45977011969757653 0.5037185208499657 -0.0193275990154315 0.3244323410204645 0.5862299976551365
0.49443559142251825 0.08292656917596024 0.4999486339476037 0.37406796268370773 -0.7206359413454848 0.0938070194855357 0.7688373633793826
